1
1 1 80
1 2 84
1 3 85
1 4 82
1 5 75
1 6 75
1 7 83
1 8 87
1 9 87
1 10 90
1 11 78
1 12 85
1 13 81
1 14 83
1 15 75
1 16 77
1 17 96
1 18 80
1 19 88
1 20 61
1 21 88
1 22 86
1 23 84
1 24 86
1 25 86
1 26 77
1 27 88
1 28 86
1 29 88
1 30 79
1 31 80
1 32 81
1 33 101
1 34 70
1 35 89
1 36 84
1 37 90
1 38 89
1 39 89
1 40 89
1 41 85
1 42 87
1 43 86
1 44 91
1 45 85
1 46 80
1 47 92
1 48 88
1 49 100
1 50 97
1 51 89
1 52 95
1 53 93
1 54 85
1 55 80
1 56 85
1 57 93
1 58 87
1 59 86
1 60 92
1 61 87
1 62 80
1 63 88
1 64 86
2 1 85
2 2 79
2 3 98
2 4 85
2 5 102
2 6 102
2 7 93
2 8 86
2 9 77
2 10 92
2 11 94
2 12 83
2 13 86
2 14 93
2 15 83
2 16 88
2 17 84
2 18 89
2 19 94
2 20 94
2 21 86
2 22 81
2 23 87
2 24 93
2 25 86
2 26 105
2 27 94
2 28 91
2 29 90
2 30 93
2 31 83
2 32 90
2 33 80
2 34 85
2 35 96
2 36 82
2 37 85
2 38 80
2 39 81
2 40 94
2 41 89
2 42 92
2 43 89
2 44 89
2 45 86
2 46 91
2 47 88
2 48 89
2 49 79
2 50 91
2 51 77
2 52 100
2 53 82
2 54 104
2 55 79
2 56 76
2 57 81
2 58 78
2 59 82
2 60 110
2 61 85
2 62 91
2 63 89
2 64 89
3 1 88
3 2 85
3 3 89
3 4 90
3 5 76
3 6 91
3 7 80
3 8 94
3 9 88
3 10 89
3 11 87
3 12 89
3 13 74
3 14 79
3 15 85
3 16 87
3 17 90
3 18 84
3 19 92
3 20 90
3 21 88
3 22 92
3 23 83
3 24 72
3 25 82
3 26 80
3 27 82
3 28 83
3 29 86
3 30 85
3 31 76
3 32 84
3 33 104
3 34 94
3 35 77
3 36 83
3 37 89
3 38 92
3 39 94
3 40 94
3 41 81
3 42 82
3 43 96
3 44 88
3 45 98
3 46 93
3 47 89
3 48 94
3 49 87
3 50 99
3 51 93
3 52 99
3 53 94
3 54 98
3 55 92
3 56 86
3 57 82
3 58 72
3 59 83
3 60 91
3 61 95
3 62 98
3 63 90
3 64 88
4 1 84
4 2 79
4 3 89
4 4 83
4 5 73
4 6 85
4 7 81
4 8 76
4 9 80
4 10 89
4 11 85
4 12 75
4 13 76
4 14 82
4 15 74
4 16 79
4 17 71
4 18 83
4 19 87
4 20 78
4 21 87
4 22 70
4 23 81
4 24 86
4 25 84
4 26 80
4 27 79
4 28 82
4 29 83
4 30 82
4 31 68
4 32 87
4 33 93
4 34 82
4 35 84
4 36 75
4 37 86
4 38 92
4 39 82
4 40 92
4 41 81
4 42 83
4 43 93
4 44 81
4 45 85
4 46 90
4 47 79
4 48 84
4 49 93
4 50 93
4 51 77
4 52 92
4 53 90
4 54 91
4 55 83
4 56 71
4 57 82
4 58 79
4 59 90
4 60 93
4 61 80
4 62 83
4 63 77
4 64 82
5 1 79
5 2 75
5 3 88
5 4 80
5 5 78
5 6 86
5 7 84
5 8 90
5 9 86
5 10 77
5 11 91
5 12 87
5 13 81
5 14 87
5 15 80
5 16 80
5 17 86
5 18 76
5 19 97
5 20 86
5 21 86
5 22 82
5 23 77
5 24 76
5 25 80
5 26 79
5 27 70
5 28 86
5 29 80
5 30 88
5 31 77
5 32 88
5 33 97
5 34 87
5 35 86
5 36 77
5 37 89
5 38 88
5 39 89
5 40 96
5 41 85
5 42 82
5 43 98
5 44 92
5 45 85
5 46 87
5 47 87
5 48 105
5 49 94
5 50 95
5 51 88
5 52 94
5 53 92
5 54 97
5 55 89
5 56 77
5 57 83
5 58 81
5 59 89
5 60 90
5 61 85
5 62 87
5 63 96
5 64 86
6 1 84
6 2 79
6 3 87
6 4 87
6 5 90
6 6 83
6 7 70
6 8 85
6 9 93
6 10 91
6 11 74
6 12 76
6 13 88
6 14 82
6 15 79
6 16 80
6 17 92
6 18 77
6 19 83
6 20 78
6 21 88
6 22 82
6 23 86
6 24 94
6 25 89
6 26 75
6 27 77
6 28 81
6 29 78
6 30 80
6 31 87
6 32 86
6 33 89
6 34 79
6 35 82
6 36 88
6 37 95
6 38 91
6 39 81
6 40 89
6 41 81
6 42 82
6 43 89
6 44 85
6 45 72
6 46 86
6 47 85
6 48 89
6 49 83
6 50 91
6 51 87
6 52 91
6 53 91
6 54 97
6 55 85
6 56 86
6 57 90
6 58 88
6 59 83
6 60 94
6 61 88
6 62 86
6 63 92
6 64 87
7 1 86
7 2 83
7 3 90
7 4 80
7 5 83
7 6 81
7 7 79
7 8 90
7 9 87
7 10 87
7 11 84
7 12 77
7 13 84
7 14 92
7 15 89
7 16 77
7 17 85
7 18 73
7 19 85
7 20 87
7 21 79
7 22 75
7 23 90
7 24 87
7 25 82
7 26 86
7 27 87
7 28 88
7 29 83
7 30 82
7 31 81
7 32 87
7 33 85
7 34 83
7 35 87
7 36 87
7 37 81
7 38 91
7 39 87
7 40 83
7 41 81
7 42 81
7 43 88
7 44 92
7 45 76
7 46 89
7 47 85
7 48 94
7 49 90
7 50 80
7 51 90
7 52 96
7 53 92
7 54 90
7 55 80
7 56 79
7 57 87
7 58 84
7 59 85
7 60 94
7 61 78
7 62 80
7 63 86
7 64 84
8 1 84
8 2 80
8 3 94
8 4 87
8 5 91
8 6 87
8 7 82
8 8 83
8 9 85
8 10 93
8 11 79
8 12 89
8 13 93
8 14 89
8 15 82
8 16 97
8 17 79
8 18 90
8 19 97
8 20 85
8 21 91
8 22 80
8 23 76
8 24 79
8 25 87
8 26 79
8 27 96
8 28 89
8 29 89
8 30 84
8 31 88
8 32 89
8 33 100
8 34 81
8 35 89
8 36 90
8 37 94
8 38 92
8 39 93
8 40 84
8 41 86
8 42 74
8 43 94
8 44 89
8 45 87
8 46 83
8 47 85
8 48 86
8 49 89
8 50 85
8 51 81
8 52 93
8 53 79
8 54 90
8 55 84
8 56 78
8 57 92
8 58 78
8 59 96
8 60 88
8 61 88
8 62 87
8 63 96
8 64 82
9 1 76
9 2 74
9 3 90
9 4 87
9 5 88
9 6 88
9 7 84
9 8 86
9 9 89
9 10 81
9 11 87
9 12 88
9 13 75
9 14 82
9 15 79
9 16 80
9 17 79
9 18 86
9 19 90
9 20 84
9 21 84
9 22 78
9 23 78
9 24 73
9 25 84
9 26 85
9 27 87
9 28 80
9 29 87
9 30 85
9 31 81
9 32 85
9 33 88
9 34 90
9 35 89
9 36 74
9 37 84
9 38 91
9 39 87
9 40 93
9 41 83
9 42 82
9 43 88
9 44 91
9 45 89
9 46 83
9 47 85
9 48 101
9 49 95
9 50 93
9 51 78
9 52 97
9 53 91
9 54 78
9 55 86
9 56 84
9 57 85
9 58 82
9 59 94
9 60 92
9 61 83
9 62 86
9 63 88
9 64 81
10 1 83
10 2 76
10 3 76
10 4 79
10 5 79
10 6 82
10 7 72
10 8 83
10 9 83
10 10 83
10 11 86
10 12 87
10 13 66
10 14 77
10 15 81
10 16 68
10 17 88
10 18 75
10 19 93
10 20 90
10 21 89
10 22 78
10 23 81
10 24 74
10 25 77
10 26 73
10 27 78
10 28 85
10 29 84
10 30 79
10 31 78
10 32 77
10 33 90
10 34 91
10 35 84
10 36 84
10 37 97
10 38 98
10 39 99
10 40 97
10 41 77
10 42 81
10 43 90
10 44 86
10 45 84
10 46 87
10 47 90
10 48 99
10 49 97
10 50 84
10 51 88
10 52 98
10 53 94
10 54 86
10 55 83
10 56 78
10 57 79
10 58 78
10 59 83
10 60 79
10 61 86
10 62 94
10 63 84
10 64 90
11 1 85
11 2 79
11 3 96
11 4 81
11 5 82
11 6 81
11 7 83
11 8 78
11 9 75
11 10 88
11 11 85
11 12 85
11 13 78
11 14 89
11 15 81
11 16 86
11 17 84
11 18 84
11 19 87
11 20 82
11 21 79
11 22 80
11 23 80
11 24 91
11 25 70
11 26 90
11 27 81
11 28 81
11 29 87
11 30 84
11 31 87
11 32 92
11 33 92
11 34 72
11 35 80
11 36 84
11 37 90
11 38 78
11 39 84
11 40 95
11 41 77
11 42 70
11 43 87
11 44 90
11 45 88
11 46 89
11 47 85
11 48 95
11 49 83
11 50 83
11 51 90
11 52 91
11 53 76
11 54 93
11 55 79
11 56 76
11 57 81
11 58 71
11 59 82
11 60 89
11 61 84
11 62 86
11 63 71
11 64 78
12 1 87
12 2 87
12 3 80
12 4 92
12 5 81
12 6 73
12 7 64
12 8 97
12 9 94
12 10 95
12 11 81
12 12 84
12 13 77
12 14 89
12 15 87
12 16 77
12 17 98
12 18 91
12 19 89
12 20 81
12 21 95
12 22 87
12 23 90
12 24 79
12 25 90
12 26 70
12 27 73
12 28 89
12 29 88
12 30 85
12 31 87
12 32 91
12 33 105
12 34 81
12 35 84
12 36 90
12 37 88
12 38 103
12 39 98
12 40 92
12 41 92
12 42 95
12 43 102
12 44 82
12 45 93
12 46 91
12 47 92
12 48 93
12 49 100
12 50 94
12 51 96
12 52 104
12 53 89
12 54 91
12 55 91
12 56 96
12 57 90
12 58 88
12 59 97
12 60 97
12 61 94
12 62 96
12 63 98
12 64 101
13 1 78
13 2 83
13 3 94
13 4 85
13 5 86
13 6 85
13 7 67
13 8 79
13 9 93
13 10 91
13 11 92
13 12 79
13 13 86
13 14 92
13 15 85
13 16 83
13 17 83
13 18 89
13 19 77
13 20 85
13 21 88
13 22 80
13 23 88
13 24 97
13 25 92
13 26 92
13 27 77
13 28 86
13 29 81
13 30 84
13 31 84
13 32 91
13 33 91
13 34 82
13 35 81
13 36 83
13 37 96
13 38 82
13 39 80
13 40 89
13 41 82
13 42 91
13 43 94
13 44 90
13 45 93
13 46 98
13 47 92
13 48 99
13 49 88
13 50 79
13 51 86
13 52 92
13 53 99
13 54 90
13 55 86
13 56 85
13 57 89
13 58 89
13 59 79
13 60 85
13 61 82
13 62 78
13 63 88
13 64 85
14 1 86
14 2 76
14 3 94
14 4 81
14 5 90
14 6 89
14 7 82
14 8 82
14 9 92
14 10 89
14 11 82
14 12 69
14 13 86
14 14 84
14 15 85
14 16 82
14 17 87
14 18 85
14 19 86
14 20 86
14 21 79
14 22 84
14 23 77
14 24 86
14 25 92
14 26 80
14 27 85
14 28 82
14 29 89
14 30 78
14 31 80
14 32 81
14 33 88
14 34 82
14 35 90
14 36 83
14 37 91
14 38 85
14 39 82
14 40 90
14 41 80
14 42 81
14 43 92
14 44 90
14 45 80
14 46 90
14 47 87
14 48 79
14 49 81
14 50 81
14 51 83
14 52 94
14 53 77
14 54 96
14 55 75
14 56 81
14 57 80
14 58 79
14 59 90
14 60 97
14 61 77
14 62 88
14 63 78
14 64 90
15 1 95
15 2 88
15 3 85
15 4 82
15 5 92
15 6 81
15 7 84
15 8 87
15 9 92
15 10 87
15 11 90
15 12 89
15 13 91
15 14 89
15 15 91
15 16 93
15 17 82
15 18 74
15 19 87
15 20 85
15 21 93
15 22 84
15 23 92
15 24 94
15 25 89
15 26 86
15 27 95
15 28 88
15 29 95
15 30 87
15 31 91
15 32 85
15 33 100
15 34 85
15 35 94
15 36 88
15 37 96
15 38 87
15 39 90
15 40 95
15 41 90
15 42 88
15 43 95
15 44 93
15 45 91
15 46 93
15 47 86
15 48 96
15 49 85
15 50 89
15 51 94
15 52 95
15 53 92
15 54 97
15 55 95
15 56 88
15 57 86
15 58 84
15 59 82
15 60 93
15 61 87
15 62 91
15 63 89
15 64 95
16 1 85
16 2 77
16 3 93
16 4 80
16 5 73
16 6 86
16 7 83
16 8 82
16 9 76
16 10 86
16 11 87
16 12 78
16 13 79
16 14 67
16 15 70
16 16 85
16 17 79
16 18 76
16 19 82
16 20 88
16 21 92
16 22 67
16 23 84
16 24 68
16 25 75
16 26 75
16 27 82
16 28 77
16 29 86
16 30 70
16 31 77
16 32 71
16 33 89
16 34 83
16 35 79
16 36 79
16 37 80
16 38 85
16 39 95
16 40 94
16 41 82
16 42 84
16 43 83
16 44 94
16 45 92
16 46 89
16 47 86
16 48 90
16 49 85
16 50 84
16 51 85
16 52 102
16 53 84
16 54 94
16 55 75
16 56 71
16 57 78
16 58 79
16 59 82
16 60 90
16 61 89
16 62 88
16 63 86
16 64 84
17 1 88
17 2 81
17 3 96
17 4 81
17 5 87
17 6 75
17 7 80
17 8 84
17 9 96
17 10 87
17 11 86
17 12 86
17 13 75
17 14 74
17 15 90
17 16 79
17 17 91
17 18 81
17 19 80
17 20 91
17 21 89
17 22 85
17 23 90
17 24 95
17 25 90
17 26 84
17 27 94
17 28 88
17 29 90
17 30 88
17 31 85
17 32 89
17 33 97
17 34 86
17 35 85
17 36 93
17 37 88
17 38 99
17 39 92
17 40 96
17 41 85
17 42 92
17 43 97
17 44 87
17 45 80
17 46 81
17 47 90
17 48 94
17 49 106
17 50 94
17 51 83
17 52 103
17 53 89
17 54 95
17 55 83
17 56 87
17 57 90
17 58 98
17 59 97
17 60 97
17 61 92
17 62 90
17 63 85
17 64 94
18 1 81
18 2 81
18 3 89
18 4 86
18 5 84
18 6 81
18 7 89
18 8 71
18 9 86
18 10 79
18 11 96
18 12 87
18 13 83
18 14 84
18 15 86
18 16 71
18 17 79
18 18 86
18 19 98
18 20 89
18 21 80
18 22 75
18 23 82
18 24 83
18 25 84
18 26 83
18 27 91
18 28 77
18 29 93
18 30 87
18 31 84
18 32 80
18 33 81
18 34 94
18 35 80
18 36 77
18 37 81
18 38 95
18 39 90
18 40 101
18 41 74
18 42 77
18 43 92
18 44 97
18 45 91
18 46 79
18 47 88
18 48 101
18 49 93
18 50 84
18 51 86
18 52 94
18 53 88
18 54 86
18 55 79
18 56 84
18 57 71
18 58 82
18 59 87
18 60 81
18 61 88
18 62 79
18 63 81
18 64 83
19 1 82
19 2 81
19 3 82
19 4 90
19 5 71
19 6 88
19 7 78
19 8 88
19 9 84
19 10 93
19 11 87
19 12 90
19 13 83
19 14 78
19 15 82
19 16 79
19 17 78
19 18 87
19 19 82
19 20 81
19 21 87
19 22 85
19 23 84
19 24 78
19 25 90
19 26 86
19 27 79
19 28 81
19 29 78
19 30 80
19 31 79
19 32 83
19 33 82
19 34 82
19 35 92
19 36 81
19 37 86
19 38 99
19 39 89
19 40 101
19 41 78
19 42 91
19 43 96
19 44 82
19 45 96
19 46 89
19 47 84
19 48 102
19 49 93
19 50 83
19 51 84
19 52 104
19 53 99
19 54 96
19 55 89
19 56 84
19 57 89
19 58 88
19 59 93
19 60 95
19 61 94
19 62 98
19 63 98
19 64 81
20 1 74
20 2 93
20 3 78
20 4 85
20 5 85
20 6 84
20 7 82
20 8 95
20 9 91
20 10 91
20 11 87
20 12 84
20 13 75
20 14 89
20 15 80
20 16 78
20 17 86
20 18 91
20 19 88
20 20 83
20 21 79
20 22 89
20 23 78
20 24 87
20 25 82
20 26 79
20 27 76
20 28 82
20 29 80
20 30 87
20 31 80
20 32 92
20 33 92
20 34 83
20 35 85
20 36 89
20 37 85
20 38 94
20 39 88
20 40 97
20 41 75
20 42 87
20 43 84
20 44 90
20 45 83
20 46 96
20 47 79
20 48 92
20 49 90
20 50 88
20 51 87
20 52 95
20 53 88
20 54 81
20 55 77
20 56 85
20 57 88
20 58 84
20 59 81
20 60 89
20 61 88
20 62 90
20 63 89
20 64 92
21 1 89
21 2 71
21 3 91
21 4 87
21 5 80
21 6 82
21 7 78
21 8 91
21 9 88
21 10 89
21 11 93
21 12 85
21 13 76
21 14 91
21 15 82
21 16 77
21 17 83
21 18 84
21 19 86
21 20 86
21 21 101
21 22 71
21 23 83
21 24 86
21 25 83
21 26 78
21 27 74
21 28 88
21 29 87
21 30 83
21 31 75
21 32 89
21 33 102
21 34 84
21 35 81
21 36 84
21 37 82
21 38 95
21 39 94
21 40 102
21 41 85
21 42 95
21 43 94
21 44 93
21 45 94
21 46 89
21 47 79
21 48 99
21 49 100
21 50 89
21 51 94
21 52 96
21 53 98
21 54 95
21 55 90
21 56 78
21 57 95
21 58 91
21 59 86
21 60 93
21 61 92
21 62 88
21 63 91
21 64 93
22 1 85
22 2 86
22 3 91
22 4 91
22 5 77
22 6 84
22 7 86
22 8 89
22 9 82
22 10 82
22 11 91
22 12 82
22 13 83
22 14 77
22 15 73
22 16 75
22 17 83
22 18 70
22 19 79
22 20 89
22 21 89
22 22 80
22 23 87
22 24 77
22 25 79
22 26 88
22 27 80
22 28 89
22 29 91
22 30 82
22 31 80
22 32 93
22 33 87
22 34 78
22 35 89
22 36 73
22 37 87
22 38 95
22 39 75
22 40 102
22 41 87
22 42 96
22 43 98
22 44 95
22 45 82
22 46 98
22 47 79
22 48 93
22 49 94
22 50 98
22 51 89
22 52 100
22 53 95
22 54 97
22 55 87
22 56 78
22 57 92
22 58 87
22 59 83
22 60 104
22 61 93
22 62 99
22 63 85
22 64 90
23 1 88
23 2 81
23 3 84
23 4 93
23 5 85
23 6 91
23 7 85
23 8 91
23 9 91
23 10 98
23 11 77
23 12 78
23 13 82
23 14 72
23 15 82
23 16 71
23 17 88
23 18 93
23 19 91
23 20 81
23 21 100
23 22 87
23 23 86
23 24 78
23 25 92
23 26 77
23 27 86
23 28 83
23 29 79
23 30 84
23 31 81
23 32 83
23 33 111
23 34 90
23 35 96
23 36 90
23 37 88
23 38 97
23 39 96
23 40 103
23 41 86
23 42 88
23 43 100
23 44 87
23 45 97
23 46 93
23 47 96
23 48 103
23 49 96
23 50 106
23 51 97
23 52 100
23 53 101
23 54 97
23 55 102
23 56 78
23 57 99
23 58 99
23 59 98
23 60 93
23 61 98
23 62 100
23 63 86
23 64 96
24 1 81
24 2 80
24 3 92
24 4 84
24 5 82
24 6 92
24 7 78
24 8 88
24 9 93
24 10 89
24 11 84
24 12 84
24 13 90
24 14 83
24 15 75
24 16 80
24 17 90
24 18 88
24 19 79
24 20 76
24 21 88
24 22 84
24 23 84
24 24 90
24 25 81
24 26 90
24 27 82
24 28 78
24 29 84
24 30 83
24 31 93
24 32 86
24 33 89
24 34 70
24 35 89
24 36 90
24 37 93
24 38 80
24 39 84
24 40 94
24 41 83
24 42 78
24 43 97
24 44 87
24 45 88
24 46 104
24 47 89
24 48 104
24 49 82
24 50 74
24 51 95
24 52 99
24 53 101
24 54 87
24 55 88
24 56 84
24 57 96
24 58 88
24 59 85
24 60 98
24 61 92
24 62 86
24 63 85
24 64 87
25 1 71
25 2 81
25 3 97
25 4 79
25 5 88
25 6 89
25 7 85
25 8 87
25 9 79
25 10 86
25 11 90
25 12 97
25 13 85
25 14 93
25 15 89
25 16 85
25 17 82
25 18 88
25 19 99
25 20 91
25 21 88
25 22 83
25 23 82
25 24 80
25 25 85
25 26 93
25 27 93
25 28 93
25 29 93
25 30 96
25 31 82
25 32 91
25 33 86
25 34 86
25 35 85
25 36 84
25 37 93
25 38 89
25 39 85
25 40 93
25 41 77
25 42 84
25 43 75
25 44 95
25 45 87
25 46 87
25 47 73
25 48 86
25 49 91
25 50 94
25 51 82
25 52 98
25 53 79
25 54 85
25 55 82
25 56 85
25 57 87
25 58 81
25 59 88
25 60 91
25 61 75
25 62 77
25 63 82
25 64 81
26 1 62
26 2 78
26 3 84
26 4 81
26 5 77
26 6 75
26 7 74
26 8 73
26 9 85
26 10 87
26 11 89
26 12 78
26 13 73
26 14 86
26 15 80
26 16 72
26 17 81
26 18 80
26 19 86
26 20 84
26 21 81
26 22 78
26 23 74
26 24 81
26 25 82
26 26 77
26 27 79
26 28 74
26 29 69
26 30 79
26 31 66
26 32 77
26 33 86
26 34 79
26 35 84
26 36 75
26 37 84
26 38 92
26 39 85
26 40 91
26 41 80
26 42 81
26 43 96
26 44 86
26 45 78
26 46 79
26 47 84
26 48 93
26 49 85
26 50 80
26 51 80
26 52 92
26 53 85
26 54 88
26 55 80
26 56 75
26 57 85
26 58 85
26 59 78
26 60 90
26 61 75
26 62 84
26 63 87
26 64 82
27 1 85
27 2 84
27 3 90
27 4 84
27 5 75
27 6 89
27 7 78
27 8 81
27 9 76
27 10 85
27 11 91
27 12 84
27 13 83
27 14 80
27 15 85
27 16 90
27 17 86
27 18 82
27 19 81
27 20 75
27 21 84
27 22 76
27 23 91
27 24 89
27 25 81
27 26 84
27 27 80
27 28 87
27 29 80
27 30 88
27 31 83
27 32 84
27 33 90
27 34 85
27 35 85
27 36 89
27 37 91
27 38 89
27 39 84
27 40 83
27 41 88
27 42 93
27 43 78
27 44 79
27 45 87
27 46 93
27 47 85
27 48 86
27 49 96
27 50 83
27 51 86
27 52 89
27 53 100
27 54 83
27 55 76
27 56 82
27 57 89
27 58 85
27 59 90
27 60 86
27 61 76
27 62 91
27 63 90
27 64 85
28 1 86
28 2 80
28 3 93
28 4 85
28 5 81
28 6 87
28 7 80
28 8 86
28 9 88
28 10 87
28 11 84
28 12 87
28 13 84
28 14 82
28 15 78
28 16 81
28 17 84
28 18 88
28 19 93
28 20 83
28 21 79
28 22 80
28 23 77
28 24 78
28 25 73
28 26 84
28 27 75
28 28 79
28 29 85
28 30 80
28 31 76
28 32 87
28 33 82
28 34 88
28 35 91
28 36 81
28 37 86
28 38 88
28 39 95
28 40 91
28 41 75
28 42 86
28 43 100
28 44 81
28 45 82
28 46 91
28 47 79
28 48 85
28 49 87
28 50 87
28 51 81
28 52 97
28 53 72
28 54 97
28 55 79
28 56 74
28 57 81
28 58 78
28 59 88
28 60 92
28 61 80
28 62 96
28 63 90
28 64 84
29 1 84
29 2 78
29 3 103
29 4 84
29 5 86
29 6 92
29 7 91
29 8 95
29 9 84
29 10 92
29 11 96
29 12 94
29 13 87
29 14 88
29 15 87
29 16 93
29 17 85
29 18 91
29 19 102
29 20 89
29 21 86
29 22 92
29 23 83
29 24 75
29 25 85
29 26 87
29 27 80
29 28 90
29 29 98
29 30 87
29 31 90
29 32 91
29 33 99
29 34 83
29 35 89
29 36 90
29 37 90
29 38 92
29 39 102
29 40 99
29 41 91
29 42 89
29 43 93
29 44 96
29 45 97
29 46 98
29 47 82
29 48 101
29 49 92
29 50 96
29 51 96
29 52 101
29 53 80
29 54 88
29 55 81
29 56 88
29 57 82
29 58 76
29 59 84
29 60 102
29 61 87
29 62 80
29 63 92
29 64 93
30 1 79
30 2 78
30 3 81
30 4 90
30 5 72
30 6 77
30 7 78
30 8 80
30 9 90
30 10 87
30 11 84
30 12 88
30 13 78
30 14 81
30 15 77
30 16 79
30 17 80
30 18 81
30 19 81
30 20 75
30 21 89
30 22 77
30 23 83
30 24 83
30 25 77
30 26 73
30 27 71
30 28 77
30 29 77
30 30 75
30 31 78
30 32 78
30 33 86
30 34 78
30 35 78
30 36 88
30 37 91
30 38 97
30 39 89
30 40 81
30 41 82
30 42 77
30 43 97
30 44 82
30 45 87
30 46 89
30 47 90
30 48 94
30 49 96
30 50 85
30 51 93
30 52 98
30 53 97
30 54 89
30 55 81
30 56 84
30 57 93
30 58 86
30 59 86
30 60 77
30 61 82
30 62 95
30 63 99
30 64 84
31 1 85
31 2 88
31 3 78
31 4 89
31 5 75
31 6 88
31 7 78
31 8 78
31 9 91
31 10 97
31 11 87
31 12 78
31 13 74
31 14 90
31 15 74
31 16 78
31 17 86
31 18 90
31 19 88
31 20 81
31 21 85
31 22 89
31 23 80
31 24 77
31 25 80
31 26 78
31 27 83
31 28 80
31 29 80
31 30 82
31 31 87
31 32 87
31 33 94
31 34 83
31 35 86
31 36 82
31 37 79
31 38 91
31 39 80
31 40 93
31 41 91
31 42 91
31 43 92
31 44 88
31 45 90
31 46 88
31 47 87
31 48 97
31 49 99
31 50 93
31 51 74
31 52 100
31 53 79
31 54 84
31 55 89
31 56 87
31 57 87
31 58 74
31 59 82
31 60 95
31 61 87
31 62 85
31 63 93
31 64 86
32 1 83
32 2 93
32 3 83
32 4 80
32 5 76
32 6 77
32 7 75
32 8 103
32 9 96
32 10 94
32 11 84
32 12 90
32 13 82
32 14 88
32 15 74
32 16 87
32 17 95
32 18 84
32 19 93
32 20 76
32 21 94
32 22 87
32 23 98
32 24 95
32 25 85
32 26 85
32 27 82
32 28 85
32 29 93
32 30 86
32 31 86
32 32 88
32 33 99
32 34 85
32 35 78
32 36 88
32 37 89
32 38 95
32 39 95
32 40 101
32 41 90
32 42 93
32 43 87
32 44 93
32 45 89
32 46 98
32 47 91
32 48 95
32 49 97
32 50 97
32 51 100
32 52 93
32 53 99
32 54 97
32 55 76
32 56 90
32 57 89
32 58 84
32 59 88
32 60 97
32 61 87
32 62 94
32 63 84
32 64 97
33 1 76
33 2 82
33 3 97
33 4 81
33 5 91
33 6 77
33 7 87
33 8 74
33 9 80
33 10 85
33 11 80
33 12 84
33 13 86
33 14 89
33 15 85
33 16 88
33 17 83
33 18 89
33 19 90
33 20 84
33 21 71
33 22 74
33 23 79
33 24 76
33 25 68
33 26 82
33 27 93
33 28 85
33 29 90
33 30 79
33 31 83
33 32 88
33 33 93
33 34 76
33 35 85
33 36 84
33 37 89
33 38 80
33 39 95
33 40 79
33 41 87
33 42 82
33 43 88
33 44 84
33 45 87
33 46 87
33 47 76
33 48 87
33 49 83
33 50 94
33 51 82
33 52 91
33 53 73
33 54 92
33 55 85
33 56 83
33 57 87
33 58 82
33 59 93
33 60 99
33 61 78
33 62 75
33 63 92
33 64 87
34 1 85
34 2 83
34 3 98
34 4 82
34 5 93
34 6 93
34 7 88
34 8 92
34 9 83
34 10 89
34 11 71
34 12 76
34 13 82
34 14 94
34 15 81
34 16 90
34 17 82
34 18 84
34 19 89
34 20 78
34 21 82
34 22 91
34 23 85
34 24 86
34 25 85
34 26 84
34 27 80
34 28 90
34 29 87
34 30 77
34 31 83
34 32 80
34 33 84
34 34 77
34 35 78
34 36 80
34 37 86
34 38 82
34 39 88
34 40 90
34 41 83
34 42 77
34 43 89
34 44 86
34 45 79
34 46 88
34 47 88
34 48 85
34 49 80
34 50 80
34 51 81
34 52 87
34 53 88
34 54 90
34 55 74
34 56 76
34 57 84
34 58 83
34 59 79
34 60 93
34 61 80
34 62 81
34 63 84
34 64 85
35 1 87
35 2 86
35 3 88
35 4 81
35 5 92
35 6 87
35 7 84
35 8 88
35 9 88
35 10 95
35 11 88
35 12 79
35 13 92
35 14 91
35 15 95
35 16 96
35 17 95
35 18 94
35 19 84
35 20 96
35 21 93
35 22 92
35 23 92
35 24 93
35 25 92
35 26 96
35 27 97
35 28 90
35 29 90
35 30 87
35 31 88
35 32 97
35 33 103
35 34 89
35 35 84
35 36 91
35 37 83
35 38 96
35 39 98
35 40 76
35 41 90
35 42 91
35 43 95
35 44 75
35 45 72
35 46 100
35 47 94
35 48 86
35 49 85
35 50 74
35 51 90
35 52 91
35 53 90
35 54 93
35 55 92
35 56 91
35 57 82
35 58 83
35 59 93
35 60 93
35 61 85
35 62 87
35 63 84
35 64 95
36 1 101
36 2 92
36 3 104
36 4 97
36 5 100
36 6 104
36 7 100
36 8 107
36 9 101
36 10 90
36 11 90
36 12 97
36 13 90
36 14 96
36 15 95
36 16 99
36 17 95
36 18 96
36 19 94
36 20 90
36 21 92
36 22 96
36 23 99
36 24 96
36 25 89
36 26 100
36 27 85
36 28 102
36 29 101
36 30 101
36 31 99
36 32 98
36 33 91
36 34 88
36 35 93
36 36 99
36 37 90
36 38 99
36 39 84
36 40 95
36 41 85
36 42 98
36 43 88
36 44 95
36 45 84
36 46 104
36 47 88
36 48 91
36 49 94
36 50 102
36 51 97
36 52 96
36 53 97
36 54 94
36 55 87
36 56 99
36 57 97
36 58 93
36 59 74
36 60 103
36 61 88
36 62 91
36 63 106
36 64 94
37 1 82
37 2 92
37 3 91
37 4 90
37 5 87
37 6 91
37 7 84
37 8 99
37 9 93
37 10 88
37 11 85
37 12 87
37 13 85
37 14 90
37 15 85
37 16 84
37 17 84
37 18 85
37 19 104
37 20 88
37 21 80
37 22 90
37 23 83
37 24 89
37 25 88
37 26 94
37 27 93
37 28 86
37 29 93
37 30 84
37 31 93
37 32 94
37 33 87
37 34 83
37 35 87
37 36 90
37 37 90
37 38 89
37 39 86
37 40 97
37 41 88
37 42 91
37 43 91
37 44 95
37 45 79
37 46 102
37 47 77
37 48 86
37 49 92
37 50 87
37 51 85
37 52 91
37 53 87
37 54 80
37 55 82
37 56 83
37 57 89
37 58 84
37 59 87
37 60 87
37 61 85
37 62 85
37 63 96
37 64 82
38 1 87
38 2 85
38 3 93
38 4 83
38 5 83
38 6 92
38 7 83
38 8 85
38 9 95
38 10 96
38 11 91
38 12 76
38 13 90
38 14 92
38 15 78
38 16 89
38 17 92
38 18 93
38 19 82
38 20 88
38 21 96
38 22 87
38 23 94
38 24 95
38 25 93
38 26 87
38 27 84
38 28 94
38 29 76
38 30 92
38 31 85
38 32 95
38 33 83
38 34 88
38 35 99
38 36 93
38 37 81
38 38 79
38 39 84
38 40 86
38 41 90
38 42 88
38 43 85
38 44 87
38 45 84
38 46 89
38 47 78
38 48 87
38 49 82
38 50 94
38 51 90
38 52 88
38 53 86
38 54 93
38 55 85
38 56 91
38 57 89
38 58 86
38 59 87
38 60 94
38 61 87
38 62 91
38 63 81
38 64 94
39 1 89
39 2 86
39 3 92
39 4 92
39 5 83
39 6 96
39 7 83
39 8 91
39 9 86
39 10 93
39 11 84
39 12 74
39 13 81
39 14 99
39 15 75
39 16 82
39 17 91
39 18 96
39 19 95
39 20 81
39 21 98
39 22 92
39 23 90
39 24 100
39 25 93
39 26 98
39 27 82
39 28 89
39 29 76
39 30 91
39 31 79
39 32 98
39 33 89
39 34 88
39 35 96
39 36 86
39 37 78
39 38 85
39 39 86
39 40 93
39 41 91
39 42 102
39 43 91
39 44 83
39 45 81
39 46 97
39 47 81
39 48 84
39 49 92
39 50 94
39 51 83
39 52 94
39 53 85
39 54 96
39 55 77
39 56 83
39 57 90
39 58 98
39 59 89
39 60 104
39 61 77
39 62 95
39 63 90
39 64 106
40 1 88
40 2 84
40 3 83
40 4 87
40 5 88
40 6 87
40 7 81
40 8 86
40 9 82
40 10 84
40 11 67
40 12 80
40 13 80
40 14 86
40 15 80
40 16 80
40 17 84
40 18 78
40 19 90
40 20 88
40 21 85
40 22 83
40 23 81
40 24 88
40 25 86
40 26 81
40 27 82
40 28 82
40 29 88
40 30 70
40 31 89
40 32 78
40 33 86
40 34 84
40 35 81
40 36 87
40 37 85
40 38 89
40 39 86
40 40 92
40 41 83
40 42 82
40 43 88
40 44 89
40 45 81
40 46 87
40 47 81
40 48 91
40 49 89
40 50 84
40 51 85
40 52 83
40 53 87
40 54 91
40 55 86
40 56 83
40 57 77
40 58 77
40 59 84
40 60 96
40 61 78
40 62 88
40 63 86
40 64 86
41 1 82
41 2 87
41 3 78
41 4 86
41 5 93
41 6 85
41 7 85
41 8 90
41 9 84
41 10 98
41 11 79
41 12 81
41 13 92
41 14 96
41 15 92
41 16 84
41 17 97
41 18 94
41 19 98
41 20 83
41 21 82
41 22 90
41 23 95
41 24 104
41 25 96
41 26 95
41 27 93
41 28 92
41 29 78
41 30 82
41 31 92
41 32 84
41 33 79
41 34 81
41 35 96
41 36 96
41 37 86
41 38 78
41 39 89
41 40 85
41 41 90
41 42 87
41 43 88
41 44 90
41 45 84
41 46 91
41 47 93
41 48 87
41 49 84
41 50 86
41 51 88
41 52 88
41 53 90
41 54 76
41 55 94
41 56 85
41 57 87
41 58 90
41 59 90
41 60 101
41 61 76
41 62 90
41 63 92
41 64 97
42 1 76
42 2 82
42 3 86
42 4 81
42 5 81
42 6 86
42 7 76
42 8 76
42 9 67
42 10 87
42 11 80
42 12 70
42 13 81
42 14 79
42 15 79
42 16 85
42 17 86
42 18 79
42 19 85
42 20 79
42 21 85
42 22 80
42 23 85
42 24 88
42 25 77
42 26 80
42 27 86
42 28 75
42 29 77
42 30 86
42 31 81
42 32 79
42 33 90
42 34 78
42 35 81
42 36 86
42 37 83
42 38 76
42 39 81
42 40 85
42 41 73
42 42 75
42 43 84
42 44 88
42 45 80
42 46 91
42 47 75
42 48 86
42 49 78
42 50 89
42 51 87
42 52 86
42 53 83
42 54 88
42 55 80
42 56 70
42 57 84
42 58 78
42 59 89
42 60 96
42 61 85
42 62 81
42 63 84
42 64 78
43 1 80
43 2 83
43 3 89
43 4 79
43 5 70
43 6 76
43 7 75
43 8 76
43 9 74
43 10 79
43 11 88
43 12 83
43 13 73
43 14 80
43 15 81
43 16 78
43 17 88
43 18 79
43 19 83
43 20 84
43 21 91
43 22 65
43 23 80
43 24 76
43 25 76
43 26 79
43 27 74
43 28 77
43 29 80
43 30 79
43 31 65
43 32 92
43 33 96
43 34 85
43 35 84
43 36 82
43 37 85
43 38 83
43 39 91
43 40 85
43 41 78
43 42 82
43 43 93
43 44 86
43 45 91
43 46 79
43 47 80
43 48 92
43 49 93
43 50 94
43 51 82
43 52 96
43 53 85
43 54 96
43 55 82
43 56 78
43 57 85
43 58 78
43 59 86
43 60 92
43 61 84
43 62 89
43 63 78
43 64 82
44 1 89
44 2 84
44 3 76
44 4 86
44 5 84
44 6 81
44 7 74
44 8 89
44 9 96
44 10 91
44 11 85
44 12 84
44 13 88
44 14 85
44 15 77
44 16 83
44 17 90
44 18 95
44 19 89
44 20 86
44 21 96
44 22 91
44 23 90
44 24 86
44 25 100
44 26 84
44 27 88
44 28 90
44 29 86
44 30 81
44 31 82
44 32 86
44 33 95
44 34 93
44 35 84
44 36 96
44 37 90
44 38 99
44 39 93
44 40 84
44 41 91
44 42 92
44 43 95
44 44 71
44 45 84
44 46 99
44 47 88
44 48 89
44 49 96
44 50 85
44 51 87
44 52 91
44 53 98
44 54 90
44 55 91
44 56 93
44 57 86
44 58 91
44 59 91
44 60 87
44 61 95
44 62 91
44 63 80
44 64 97
45 1 92
45 2 82
45 3 84
45 4 89
45 5 86
45 6 89
45 7 80
45 8 89
45 9 87
45 10 88
45 11 81
45 12 71
45 13 84
45 14 90
45 15 91
45 16 80
45 17 84
45 18 90
45 19 80
45 20 78
45 21 85
45 22 81
45 23 88
45 24 93
45 25 88
45 26 90
45 27 85
45 28 83
45 29 82
45 30 82
45 31 82
45 32 90
45 33 79
45 34 82
45 35 90
45 36 74
45 37 83
45 38 92
45 39 80
45 40 89
45 41 83
45 42 95
45 43 93
45 44 81
45 45 73
45 46 97
45 47 83
45 48 77
45 49 88
45 50 90
45 51 78
45 52 95
45 53 85
45 54 88
45 55 81
45 56 87
45 57 84
45 58 81
45 59 80
45 60 98
45 61 78
45 62 87
45 63 94
45 64 94
46 1 84
46 2 83
46 3 86
46 4 89
46 5 85
46 6 89
46 7 98
46 8 88
46 9 91
46 10 74
46 11 83
46 12 85
46 13 92
46 14 81
46 15 83
46 16 72
46 17 80
46 18 94
46 19 89
46 20 90
46 21 73
46 22 93
46 23 86
46 24 88
46 25 85
46 26 99
46 27 92
46 28 73
46 29 83
46 30 89
46 31 91
46 32 89
46 33 83
46 34 82
46 35 94
46 36 88
46 37 88
46 38 92
46 39 79
46 40 93
46 41 81
46 42 77
46 43 89
46 44 90
46 45 81
46 46 106
46 47 92
46 48 89
46 49 83
46 50 88
46 51 76
46 52 94
46 53 80
46 54 80
46 55 87
46 56 88
46 57 86
46 58 77
46 59 86
46 60 95
46 61 81
46 62 90
46 63 84
46 64 81
47 1 83
47 2 82
47 3 93
47 4 86
47 5 86
47 6 88
47 7 83
47 8 74
47 9 80
47 10 81
47 11 90
47 12 98
47 13 90
47 14 81
47 15 95
47 16 102
47 17 75
47 18 83
47 19 89
47 20 93
47 21 92
47 22 78
47 23 99
47 24 97
47 25 77
47 26 85
47 27 90
47 28 98
47 29 93
47 30 77
47 31 93
47 32 85
47 33 87
47 34 80
47 35 84
47 36 89
47 37 96
47 38 95
47 39 99
47 40 89
47 41 86
47 42 78
47 43 90
47 44 80
47 45 91
47 46 85
47 47 97
47 48 89
47 49 92
47 50 85
47 51 100
47 52 92
47 53 89
47 54 90
47 55 81
47 56 83
47 57 90
47 58 84
47 59 95
47 60 86
47 61 91
47 62 82
47 63 92
47 64 76
48 1 81
48 2 83
48 3 92
48 4 85
48 5 86
48 6 87
48 7 90
48 8 88
48 9 90
48 10 80
48 11 81
48 12 90
48 13 92
48 14 85
48 15 90
48 16 82
48 17 94
48 18 89
48 19 87
48 20 88
48 21 89
48 22 83
48 23 88
48 24 92
48 25 93
48 26 90
48 27 98
48 28 100
48 29 86
48 30 88
48 31 93
48 32 96
48 33 93
48 34 83
48 35 99
48 36 92
48 37 87
48 38 82
48 39 80
48 40 85
48 41 87
48 42 86
48 43 80
48 44 90
48 45 76
48 46 84
48 47 80
48 48 85
48 49 86
48 50 91
48 51 85
48 52 91
48 53 83
48 54 84
48 55 87
48 56 94
48 57 86
48 58 77
48 59 82
48 60 96
48 61 82
48 62 83
48 63 86
48 64 88
49 1 84
49 2 85
49 3 92
49 4 77
49 5 84
49 6 83
49 7 91
49 8 79
49 9 75
49 10 86
49 11 83
49 12 79
49 13 83
49 14 80
49 15 71
49 16 85
49 17 78
49 18 77
49 19 84
49 20 83
49 21 88
49 22 75
49 23 87
49 24 89
49 25 86
49 26 87
49 27 81
49 28 81
49 29 86
49 30 81
49 31 73
49 32 91
49 33 83
49 34 81
49 35 88
49 36 77
49 37 84
49 38 75
49 39 85
49 40 96
49 41 85
49 42 83
49 43 81
49 44 78
49 45 78
49 46 92
49 47 69
49 48 79
49 49 86
49 50 96
49 51 70
49 52 84
49 53 83
49 54 99
49 55 84
49 56 81
49 57 81
49 58 82
49 59 80
49 60 93
49 61 86
49 62 80
49 63 87
49 64 88
50 1 97
50 2 83
50 3 111
50 4 85
50 5 95
50 6 97
50 7 99
50 8 89
50 9 92
50 10 92
50 11 87
50 12 98
50 13 94
50 14 88
50 15 93
50 16 104
50 17 84
50 18 89
50 19 88
50 20 96
50 21 97
50 22 92
50 23 91
50 24 92
50 25 86
50 26 97
50 27 77
50 28 99
50 29 93
50 30 95
50 31 94
50 32 89
50 33 84
50 34 82
50 35 92
50 36 86
50 37 88
50 38 77
50 39 85
50 40 92
50 41 90
50 42 96
50 43 82
50 44 91
50 45 89
50 46 99
50 47 82
50 48 78
50 49 85
50 50 91
50 51 79
50 52 87
50 53 89
50 54 94
50 55 83
50 56 93
50 57 85
50 58 84
50 59 76
50 60 97
50 61 83
50 62 83
50 63 98
50 64 85
51 1 87
51 2 84
51 3 93
51 4 86
51 5 85
51 6 91
51 7 90
51 8 90
51 9 82
51 10 91
51 11 91
51 12 94
51 13 90
51 14 91
51 15 98
51 16 95
51 17 90
51 18 88
51 19 93
51 20 89
51 21 87
51 22 82
51 23 84
51 24 102
51 25 78
51 26 83
51 27 93
51 28 87
51 29 90
51 30 92
51 31 88
51 32 96
51 33 88
51 34 79
51 35 87
51 36 81
51 37 91
51 38 82
51 39 88
51 40 91
51 41 86
51 42 85
51 43 74
51 44 96
51 45 87
51 46 86
51 47 67
51 48 87
51 49 78
51 50 94
51 51 92
51 52 79
51 53 76
51 54 100
51 55 81
51 56 85
51 57 79
51 58 84
51 59 91
51 60 94
51 61 86
51 62 84
51 63 82
51 64 77
52 1 98
52 2 96
52 3 99
52 4 90
52 5 94
52 6 86
52 7 93
52 8 96
52 9 98
52 10 83
52 11 80
52 12 99
52 13 94
52 14 88
52 15 86
52 16 94
52 17 91
52 18 91
52 19 87
52 20 98
52 21 89
52 22 95
52 23 91
52 24 101
52 25 100
52 26 99
52 27 95
52 28 94
52 29 94
52 30 94
52 31 90
52 32 102
52 33 100
52 34 90
52 35 88
52 36 98
52 37 91
52 38 96
52 39 80
52 40 81
52 41 92
52 42 99
52 43 83
52 44 97
52 45 82
52 46 101
52 47 94
52 48 85
52 49 96
52 50 96
52 51 94
52 52 88
52 53 103
52 54 88
52 55 89
52 56 98
52 57 95
52 58 93
52 59 72
52 60 83
52 61 94
52 62 92
52 63 83
52 64 90
53 1 78
53 2 95
53 3 96
53 4 88
53 5 89
53 6 87
53 7 95
53 8 91
53 9 94
53 10 85
53 11 85
53 12 100
53 13 90
53 14 83
53 15 92
53 16 94
53 17 86
53 18 86
53 19 89
53 20 87
53 21 83
53 22 85
53 23 90
53 24 81
53 25 86
53 26 90
53 27 91
53 28 83
53 29 89
53 30 95
53 31 85
53 32 83
53 33 87
53 34 95
53 35 87
53 36 76
53 37 85
53 38 89
53 39 89
53 40 89
53 41 80
53 42 78
53 43 89
53 44 85
53 45 93
53 46 83
53 47 88
53 48 86
53 49 83
53 50 94
53 51 86
53 52 100
53 53 84
53 54 87
53 55 83
53 56 90
53 57 81
53 58 81
53 59 93
53 60 83
53 61 88
53 62 96
53 63 81
53 64 74
54 1 82
54 2 82
54 3 91
54 4 83
54 5 82
54 6 84
54 7 84
54 8 77
54 9 83
54 10 88
54 11 89
54 12 88
54 13 80
54 14 79
54 15 90
54 16 78
54 17 94
54 18 79
54 19 80
54 20 88
54 21 88
54 22 79
54 23 89
54 24 95
54 25 92
54 26 96
54 27 92
54 28 77
54 29 83
54 30 85
54 31 85
54 32 95
54 33 93
54 34 84
54 35 90
54 36 81
54 37 84
54 38 92
54 39 78
54 40 87
54 41 84
54 42 84
54 43 83
54 44 86
54 45 82
54 46 87
54 47 89
54 48 87
54 49 96
54 50 85
54 51 79
54 52 95
54 53 90
54 54 76
54 55 87
54 56 87
54 57 82
54 58 86
54 59 87
54 60 97
54 61 76
54 62 85
54 63 83
54 64 86
55 1 84
55 2 87
55 3 104
55 4 82
55 5 89
55 6 90
55 7 88
55 8 82
55 9 77
55 10 92
55 11 84
55 12 84
55 13 77
55 14 95
55 15 82
55 16 94
55 17 81
55 18 87
55 19 98
55 20 90
55 21 88
55 22 83
55 23 79
55 24 91
55 25 85
55 26 99
55 27 87
55 28 95
55 29 81
55 30 85
55 31 77
55 32 84
55 33 86
55 34 87
55 35 94
55 36 82
55 37 94
55 38 83
55 39 85
55 40 82
55 41 91
55 42 78
55 43 95
55 44 90
55 45 89
55 46 102
55 47 93
55 48 83
55 49 80
55 50 84
55 51 79
55 52 95
55 53 87
55 54 96
55 55 88
55 56 69
55 57 83
55 58 77
55 59 79
55 60 97
55 61 83
55 62 90
55 63 80
55 64 80
56 1 78
56 2 87
56 3 96
56 4 77
56 5 86
56 6 83
56 7 85
56 8 84
56 9 88
56 10 91
56 11 85
56 12 77
56 13 89
56 14 91
56 15 85
56 16 87
56 17 93
56 18 88
56 19 83
56 20 82
56 21 94
56 22 86
56 23 93
56 24 95
56 25 95
56 26 83
56 27 87
56 28 87
56 29 83
56 30 89
56 31 86
56 32 92
56 33 96
56 34 78
56 35 80
56 36 84
56 37 93
56 38 90
56 39 88
56 40 84
56 41 90
56 42 86
56 43 89
56 44 86
56 45 70
56 46 100
56 47 91
56 48 81
56 49 84
56 50 93
56 51 86
56 52 84
56 53 94
56 54 90
56 55 86
56 56 83
56 57 82
56 58 88
56 59 79
56 60 100
56 61 83
56 62 76
56 63 80
56 64 92
57 1 79
57 2 87
57 3 91
57 4 78
57 5 86
57 6 81
57 7 86
57 8 80
57 9 79
57 10 77
57 11 79
57 12 87
57 13 74
57 14 72
57 15 79
57 16 73
57 17 81
57 18 81
57 19 91
57 20 77
57 21 78
57 22 83
57 23 80
57 24 74
57 25 68
57 26 83
57 27 86
57 28 75
57 29 78
57 30 83
57 31 84
57 32 76
57 33 87
57 34 88
57 35 84
57 36 84
57 37 91
57 38 87
57 39 84
57 40 84
57 41 75
57 42 70
57 43 90
57 44 88
57 45 81
57 46 91
57 47 85
57 48 88
57 49 87
57 50 82
57 51 87
57 52 88
57 53 88
57 54 94
57 55 80
57 56 79
57 57 84
57 58 81
57 59 86
57 60 87
57 61 80
57 62 90
57 63 91
57 64 79
58 1 94
58 2 87
58 3 100
58 4 85
58 5 95
58 6 90
58 7 94
58 8 81
58 9 85
58 10 90
58 11 90
58 12 81
58 13 86
58 14 93
58 15 92
58 16 95
58 17 90
58 18 83
58 19 88
58 20 97
58 21 95
58 22 89
58 23 86
58 24 92
58 25 89
58 26 96
58 27 77
58 28 100
58 29 91
58 30 94
58 31 90
58 32 92
58 33 89
58 34 93
58 35 99
58 36 94
58 37 85
58 38 84
58 39 92
58 40 85
58 41 89
58 42 93
58 43 91
58 44 99
58 45 100
58 46 96
58 47 78
58 48 89
58 49 84
58 50 92
58 51 83
58 52 93
58 53 85
58 54 85
58 55 85
58 56 96
58 57 86
58 58 78
58 59 93
58 60 94
58 61 87
58 62 96
58 63 87
58 64 87
59 1 77
59 2 81
59 3 91
59 4 89
59 5 91
59 6 84
59 7 88
59 8 82
59 9 84
59 10 85
59 11 85
59 12 87
59 13 87
59 14 91
59 15 79
59 16 88
59 17 79
59 18 86
59 19 94
59 20 79
59 21 78
59 22 74
59 23 81
59 24 78
59 25 71
59 26 85
59 27 80
59 28 82
59 29 81
59 30 86
59 31 79
59 32 85
59 33 80
59 34 88
59 35 77
59 36 81
59 37 91
59 38 80
59 39 79
59 40 80
59 41 80
59 42 77
59 43 86
59 44 93
59 45 85
59 46 94
59 47 91
59 48 89
59 49 83
59 50 82
59 51 83
59 52 87
59 53 87
59 54 86
59 55 68
59 56 80
59 57 89
59 58 76
59 59 81
59 60 85
59 61 78
59 62 86
59 63 95
59 64 72
60 1 86
60 2 86
60 3 96
60 4 90
60 5 94
60 6 96
60 7 95
60 8 92
60 9 93
60 10 80
60 11 88
60 12 86
60 13 91
60 14 93
60 15 82
60 16 89
60 17 87
60 18 86
60 19 99
60 20 86
60 21 79
60 22 87
60 23 78
60 24 91
60 25 90
60 26 99
60 27 87
60 28 90
60 29 89
60 30 87
60 31 95
60 32 91
60 33 86
60 34 80
60 35 82
60 36 87
60 37 92
60 38 92
60 39 79
60 40 91
60 41 80
60 42 92
60 43 87
60 44 93
60 45 81
60 46 96
60 47 92
60 48 89
60 49 94
60 50 87
60 51 80
60 52 96
60 53 88
60 54 86
60 55 84
60 56 91
60 57 91
60 58 90
60 59 89
60 60 101
60 61 88
60 62 88
60 63 101
60 64 86
61 1 84
61 2 81
61 3 84
61 4 71
61 5 91
61 6 84
61 7 87
61 8 78
61 9 91
61 10 85
61 11 80
61 12 78
61 13 85
61 14 86
61 15 89
61 16 83
61 17 82
61 18 86
61 19 76
61 20 89
61 21 80
61 22 82
61 23 89
61 24 89
61 25 94
61 26 92
61 27 94
61 28 94
61 29 77
61 30 88
61 31 88
61 32 90
61 33 88
61 34 89
61 35 87
61 36 89
61 37 84
61 38 74
61 39 86
61 40 89
61 41 81
61 42 86
61 43 86
61 44 86
61 45 77
61 46 88
61 47 84
61 48 73
61 49 84
61 50 88
61 51 79
61 52 92
61 53 86
61 54 87
61 55 92
61 56 82
61 57 78
61 58 80
61 59 84
61 60 93
61 61 78
61 62 85
61 63 81
61 64 86
62 1 76
62 2 83
62 3 93
62 4 79
62 5 91
62 6 81
62 7 83
62 8 81
62 9 89
62 10 87
62 11 83
62 12 82
62 13 92
62 14 91
62 15 93
62 16 87
62 17 79
62 18 92
62 19 94
62 20 85
62 21 86
62 22 90
62 23 83
62 24 83
62 25 88
62 26 91
62 27 88
62 28 85
62 29 86
62 30 85
62 31 82
62 32 88
62 33 88
62 34 93
62 35 92
62 36 85
62 37 78
62 38 84
62 39 84
62 40 81
62 41 76
62 42 80
62 43 90
62 44 79
62 45 91
62 46 89
62 47 81
62 48 90
62 49 84
62 50 85
62 51 83
62 52 93
62 53 86
62 54 83
62 55 90
62 56 90
62 57 76
62 58 80
62 59 89
62 60 91
62 61 88
62 62 93
62 63 88
62 64 85
63 1 84
63 2 92
63 3 80
63 4 87
63 5 83
63 6 79
63 7 78
63 8 83
63 9 91
63 10 92
63 11 82
63 12 86
63 13 86
63 14 91
63 15 83
63 16 77
63 17 86
63 18 89
63 19 80
63 20 82
63 21 84
63 22 84
63 23 90
63 24 89
63 25 98
63 26 78
63 27 85
63 28 80
63 29 75
63 30 81
63 31 81
63 32 95
63 33 87
63 34 88
63 35 89
63 36 86
63 37 91
63 38 86
63 39 80
63 40 75
63 41 78
63 42 92
63 43 92
63 44 83
63 45 84
63 46 86
63 47 93
63 48 90
63 49 98
63 50 88
63 51 88
63 52 93
63 53 104
63 54 76
63 55 88
63 56 87
63 57 91
63 58 86
63 59 96
63 60 90
63 61 84
63 62 96
63 63 89
63 64 93
64 1 84
64 2 92
64 3 92
64 4 94
64 5 83
64 6 89
64 7 89
64 8 82
64 9 83
64 10 92
64 11 92
64 12 82
64 13 87
64 14 94
64 15 87
64 16 91
64 17 82
64 18 93
64 19 93
64 20 92
64 21 85
64 22 94
64 23 94
64 24 92
64 25 90
64 26 94
64 27 93
64 28 84
64 29 90
64 30 82
64 31 91
64 32 91
64 33 78
64 34 91
64 35 94
64 36 87
64 37 77
64 38 86
64 39 82
64 40 95
64 41 93
64 42 84
64 43 83
64 44 81
64 45 83
64 46 94
64 47 73
64 48 73
64 49 92
64 50 91
64 51 85
64 52 89
64 53 77
64 54 96
64 55 93
64 56 83
64 57 77
64 58 79
64 59 89
64 60 99
64 61 86
64 62 95
64 63 92
64 64 83
